  k  int16       int32                int64  uint16      uint32               uint64
  7    128         128                  128     128         128                  128
  8    256         256                  256     256         256                  256
 15 -32768       32768                32768   32768       32768                32768
 16      0       65536                65536       0       65536                65536
 31      0 -2147483648           2147483648       0  2147483648           2147483648
 32      0           0           4294967296       0           0           4294967296
 63      0           0 -9223372036854775808       0           0  9223372036854775808
 64      0           0                    0       0           0                    0

               int64           overflow64                 no_overflow
                 128                  129                         129
                 256                  257                         257
               32768                32769                      32,769
               65536                65537                      65,537
          2147483648           2147483649               2,147,483,649
          4294967296           4294967297               4,294,967,297
-9223372036854775808  9223372036854775807   9,223,372,036,854,775,809
                   0                    1  18,446,744,073,709,551,617

/Users/tdda/examples/overflow.py:24: RuntimeWarning: overflow encountered in scalar add
  v = np.int64((2 ** 63) - 1) + 1
